1 0.35848828125 0.7069791666666666 0.05806249999999995 0.10840277777777771
1 0.44785546875 0.7150833333333334 0.06296874999999993 0.11071527777777775
1 0.319421875 0.5701458333333334 0.05414843749999996 0.08820833333333332
1 0.40862499999999996 0.4871180555555556 0.03333203124999997 0.06452083333333339
1 0.45615625 0.48943055555555554 0.03464453125000002 0.0691458333333333
1 0.44296875 0.43678472222222225 0.03366796875000002 0.07495138888888893
1 0.49424609375 0.42723611111111115 0.03270312499999992 0.07322222222222226
1 0.5653828125 0.374875 0.036300781249999935 0.06918749999999996
1 0.705859375 0.5652291666666667 0.04577343749999994 0.08184722222222215
1 0.93212890625 0.7064027777777778 0.12331250000000012 0.1211319444444444
1 0.81866796875 0.3690833333333333 0.03896484375 0.08539583333333335
1 0.34090625 0.29213194444444446 0.03071093749999996 0.056493055555555574
1 0.64074609375 0.2750694444444445 0.02883203124999998 0.03277777777777781