16 0.031135831381733016 0.5863333333333334 0.06225995316159251 0.1321666666666666
16 0.11829039812646369 0.2796041666666667 0.034777517564402796 0.0733333333333333
16 0.4997658079625293 0.18964583333333335 0.017716627634660417 0.04864583333333332
16 0.5669906323185011 0.17927083333333332 0.014941451990632309 0.04143750000000003
12 0.4271428571428571 0.058854166666666666 0.01139344262295084 0.037479166666666654
12 0.5232786885245901 0.17147916666666668 0.01288056206088993 0.0449583333333333
12 0.6750117096018736 0.053020833333333336 0.008758782201405173 0.028125000000000008
12 0.6545784543325527 0.052375 0.008758782201405173 0.0294375
12 0.7083255269320843 0.05279166666666667 0.009238875878220257 0.0285625
12 0.7175761124121779 0.052145833333333336 0.005843091334894624 0.029000000000000005
3 0.6635714285714286 0.3174375 0.024812646370023485 0.06535416666666667
2 0.661135831381733 0.20772916666666666 0.02286885245901636 0.04587500000000002
3 0.4889227166276347 0.31614583333333335 0.018489461358313773 0.06102083333333338
6 0.5429274004683841 0.4925 0.020433255269320896 0.023375000000000055
3 0.40334894613583133 0.36614583333333334 0.020210772833723644 0.0692291666666667
13 0.19943793911007024 0.43870833333333337 0.06585480093676815 0.08920833333333332
3 0.1554566744730679 0.21564583333333334 0.021299765807962525 0.049874999999999996
2 0.9487587822014052 0.22483333333333333 0.03941451990632328 0.05783333333333331